-5.33049e-07
-5.92549e-06
-5.33094e-05
-0.000387041
-0.00225882
-0.0105389
-0.0389909
-0.112926
-0.250325
-0.405625
-0.423837
-0.128343
0.442297
0.926128
0.928825
0.448049
-0.123879
-0.422698
-0.406764
-0.251871
-0.11393
-0.0394328
-0.0106824
-0.00229453
-0.000393982
-5.4377e-05
-6.05637e-06
-5.45914e-07
-3.99119e-08
-2.37083e-09
-1.1458e-10
-4.51025e-12
-1.44738e-13
-3.7895e-15
-8.09965e-17
-1.41411e-18
-2.01757e-20
-2.35326e-22
-2.24478e-24
-1.7517e-26
-1.11855e-28
-5.84601e-31
-2.50129e-33
-8.76298e-36
-2.51409e-38
-5.90815e-41
-1.13505e-43
-0
-0
-0
-0
-0
-0
-0
-0
-0
-0
-0
-0
-0
-0
-0
-0
-0
-0
-0
-0
-0
-0
-0
-0
-0
-0
-0
-0
-0
-0
-0
-0
-0
-0
-0
-0
-0
-0
-0
-0
-0
-0
-0
-0
-0
-0
-0
-0
-0
-0
-0
-0
-0
-0
-0
-0
-0
-0
-0
-0
-0
-0
-0
-0
-0
-0
-0
-0
-0
-0
-0
-0
-0
-0
-0
-0
-0
-0
-0
-0
-0
-0
-0
-0
-0
-0
-0
-0
-0
-0
-0
-0
-0
-0
-0
-0
-0
-0
-0
-0
-0
-0
-0
-0
-0
-0
-0
-0
-0
-0
-0
-0
-0
-0
-0
-0
-0
-0
-0
-0
-0
-0
-0
-0
-0
-0
-0
-0
-0
-0
-0
-0
-0
-0
-0
-0
-0
-0
-0
-0
-0
-0
-0
-0
-0
-0
-0
-0
-0
-0
-0
-0
-0
-0
-0
-0
-0
-0
-0
-0
-0
-0
-0
-0
-0
-0
-0
-0
-0
-0
-0
-0
-0
-0
-0
-0
-0
-0
-0
-0
-0
-0
-0
-0
-0
-0
-0
-0
-0
-0
-0
-0
-0
-0
-0
-0
-0
-0
-0
-0
-0
-0
-0
-0
-0
-0
-0
-0
-0
-0
-0
-0
-0
-0
-0
-0
-0
-0
-0
-0
-0
-0
-0
-0
-0
-0
-0
-0
-0
-0
-0
-0
-0
-0
-0
-0
-0
-0
-0
-0
-0
-0
-0
-0
-0
-0
-0
-0
-0
-0
-0
-0
-0
