-5.33049e-07
-1.01741e-06
-1.91455e-06
-3.55188e-06
-6.49618e-06
-1.17124e-05
-2.08161e-05
-3.64671e-05
-6.2969e-05
-0.000107165
-0.000179741
-0.000297089
-0.00048388
-0.000776543
-0.00122781
-0.00191249
-0.00293438
-0.00443442
-0.00659941
-0.00967073
-0.0139518
-0.0198125
-0.0276887
-0.0380731
-0.0514962
-0.0684926
-0.0895515
-0.11505
-0.145172
-0.179808
-0.21846
-0.260141
-0.303296
-0.345759
-0.384759
-0.416992
-0.438767
-0.446235
-0.435693
-0.403936
-0.34865
-0.268781
-0.164853
-0.0391816
0.104053
0.258909
0.417979
0.572841
0.714674
0.834947
0.926129
0.982351
0.999931
0.977706
0.917144
0.822207
0.698989
0.555173
0.399362
0.240365
0.0865127
-0.0549361
-0.178236
-0.279426
-0.356404
-0.408847
-0.437973
-0.446223
-0.436878
-0.413678
-0.380465
-0.340896
-0.29822
-0.255138
-0.213744
-0.175522
-0.141398
-0.11182
-0.0868562
-0.0662964
-0.0497461
-0.0367076
-0.0266445
-0.0190294
-0.0133753
-0.00925412
-0.00630361
-0.00422802
-0.0027928
-0.00181698
-0.00116445
-0.000735178
-0.000457308
-0.00028029
-0.000169286
-0.000100758
-5.91038e-05
-3.41705e-05
-1.94722e-05
-1.09377e-05
-6.05635e-06
-3.30586e-06
-1.77895e-06
-9.43781e-07
-4.93652e-07
-2.54581e-07
-1.29449e-07
-6.49021e-08
-3.2086e-08
-1.56415e-08
-7.51899e-09
-3.56427e-09
-1.66618e-09
-7.68105e-10
-3.49202e-10
-1.56567e-10
-6.92302e-11
-3.01906e-11
-1.29848e-11
-5.50807e-12
-2.30442e-12
-9.50892e-13
-3.87003e-13
-1.55354e-13
-6.15105e-14
-2.40221e-14
-9.25347e-15
-3.51591e-15
-1.3177e-15
-4.87127e-16
-1.77632e-16
-6.38938e-17
-2.26706e-17
-7.93459e-18
-2.73939e-18
-9.32945e-19
-3.13424e-19
-1.03869e-19
-3.39564e-20
-1.09507e-20
-3.48381e-21
-1.09333e-21
-3.38484e-22
-1.03376e-22
-3.11458e-23
-9.2572e-24
-2.71432e-24
-7.85153e-25
-2.24051e-25
-6.30735e-26
-1.75169e-26
-4.79933e-27
-1.29723e-27
-3.45917e-28
-9.10005e-29
-2.3618e-29
-6.04723e-30
-1.52754e-30
-3.80673e-31
-9.3592e-32
-2.27014e-32
-5.43245e-33
-1.28256e-33
-2.98733e-34
-6.86471e-35
-1.55631e-35
-3.481e-36
-7.68155e-37
-1.67237e-37
-3.59216e-38
-7.61254e-39
-1.5916e-39
-3.28309e-40
-6.68153e-41
-1.3416e-41
-2.65826e-42
-5.19882e-43
-9.94922e-44
-1.96182e-44
-4.2039e-45
-0
-0
-0
-0
-0
-0
-0
-0
-0
-0
-0
-0
-0
-0
-0
-0
-0
-0
-0
-0
-0
